1
15452
73
257
1805
534
65
3
439
10
479
12
3
538
145
8
29
333
611
99
1
530
143
456
43
2
288
4
15
1367
133
85
73
188
85
1
624
921
1
20
29
190
188
30
1
4148
5
6
5
635
108
8364
25
136
1983
4
4
140
313
27
2834
9
3
782
13
581
68
215
449
7
1
1
41
1401
2
9114
8939
1
1
140
1359
3
395
6
1336
21
1
4
110
152
3
2
6
357
86
48
14
13
273
25
15
1
11
1
6421
6
2
471
51
2085
90
4
1
13
3
80
1
4
9350
4288
14
1
887
1345
86
33
241
209
350
2
6
272
14648
1
911
3
15
3
155
30
6
3519
5
1
1112
25
96
2126
53
5
2
844
776
928
29
40
4
46
2664
11
123
167
6
1248
5
22
70
327
13
1
35
54
1
2
27
75
571
3
23
3
2
402
1
12
1239
14
2
3523
213
3
647
157
4
28
3
1
31
3
12
32
3
7
201
74
671
904
1082
148
682
557
42
6
54
14
566
5
1
2731
6990
4106
1
171
3
2259
2
51
14
10
1
2016
6
29
6
5
284
62
10
1923
33
25
130
1045
4255
694
4
54
8219
6
13
167
2381
5421
243
56
170
357
1
2
25
9
4
687
542
89
970
30
6
96
822
655
69
15539
646
2202
831
5
43
108
161
357
45
17
4
7292
1
1
744
81
15
90
1
3
365
1793
9576
711
86
7
348
5953
1
12
1487
96
1546
2
256
2924
58
290
2
667
1
43
1363
1
11
1
195
4
333
5
748
29
5
42
6
508
443
20
33
4
404
4284
994
54
22
5645
865
1
2745
5
1
13971
25
1
859
191
3549
98
1
2410
351
961
1
82
37
432
217
47
886
6
297
12
624
341
38
4146
1
3094
51
7
355
7
1218
564
2047
12
256
4
654
274
58
4
2
1448
512
27
10
222
1
1
5
40
2
10
4
4
2600
22
2091
1
5
44
20
3
4
32
1934
112
1294
66
41
1
8
1629
400
1
720
5290
251
5
5
1511
147
189
9
78
1206
258
114
29
166
17
161
5
9
265
7
6
277
4
24
1660
30
4
1174
44
11
22
8691
329
73
877
3559
2
804
1551
10
48
2
758
1
61
3617
1
5391
468
276
104
141
112
601
6
1543
5
2136
958
368
9179
613
29
13
427
5
1
10034
962
4746
3169
24
1160
3
24
1
37
674
1
8
50
3
897
3
52
443
1
2
9
1
8
298
152
5
81
1300
63
1
43
1
1
553
427
1003
705
9
5
56
2783
95
1785
165
155
971
3
3
27
1
4030
15
3
318
99
7
16
58
5544
21
39
13
1
5
601
4232
27
266
1251
66
825
3
23
20
85
21
509
2
1207
591
4
6
3
1
4
146
59
70
526
1270
1836
12
2
22
42
88
7
2117
67
5377
2
606
9
36
1785
5
26
105
6
3963
8
24
103
21
16
682
1664
40
4
8
87
68
9936
8
1845
755
1
4
787
22
30
754
2
27
407
3344
1
11
161
4571
48
3
1106
89
12
453
2161
1114
15
14
15621
111
567
1534
9
45
2
84
2
1705
17
8
1658
613
2
4
27
232
70
934
3
9532
4
29
721
7
2772
498
176
73
6
3
4414
5429
1
2210
125
887
4
139
63
6
34
1
7335
4783
14
50
42
42
19
27
481
5
2
165
4
6
267
23
1597
3
1228
34
187
8
482
244
2
12
1
994
3
949
253
6
23
113
5
47
1
88
311
1132
313
294
890
8
29
34
47
736
506
1
3
2895
4
63
8
74
16
46
470
102
10
74
33
7
39
85
68
13
8
131
69
39
1
1
469
336
1902
96
239
22
2
5
1
1388
5
220
36
4
13
1
113
6443
55
149
8
742
403
1
1717
286
862
7
104
447
9
661
123
14
14
243
6
35
2
104
34
85
22
272
49
3
448
50
395
112
1
1
1
2186
17
646
8
1
544
964
35
1303
5
4
5
6
5
51
131
3
15
29
1915
235
26
3
2
12
117
5
131
6
39
3
679
1367
367
32
73
146
4
5
5054
1027
443
990
10
5
1
4593
130
17
640
3
1967
8
244
44
13
6
56
235
2
4
5011
669
1525
3
60
1
25
12
29
6
2085
8
24
2
17
7345
5
5
13
501
1
1201
2588
354
12
252
7
8
3
7
77
81
16
6
904
11
91
177
6
1337
492
115
134
72
11
23
21
13
44
13
3
53
257
13
246
322
525
114
588
1396
2
4754
1
12
568
12
2
129
1
27
2862
262
578
5
132
79
7
367
6
749
2
8503
4
7
8
69
18
367
4
282
872
634
49
6
2397
2
298
12
3
24
217
3
1
3
186
1725
576
1
97
5260
1697
2792
1
2304
2
4
3
12
27
86
3
4700
233
1168
1
23
1
6
7
83
369
