1
1
73
257
1805
5
65
1
9
3
143
6
3
198
53
39
7
333
9
1
1
16
1
2637
1
1
9
4
101
1367
133
1
73
1
2
1
12
5460
22
9
16
9
1
122
1
4148
405
3
7
3
9
8364
4
384
9
4
17
111
9
915
301
99
1407
42
13
6
10
1
632
7
2
1
10
1
1
9114
2
7
3748
155
10
4
10
5
2050
2
1
4
4
185
3
1
105
9
37
2
2
13
37
405
1591
2
5
1
6
4
1
165
51
1
7252
4
1
13
3
1265
1
12
9352
439
2
1
1
1345
9
33
72
10
5660
1
4
15
1
1
1
3
10
3
2
15
6
13802
4
1
9
4
88
129
87
4
1
167
9
16
6
23
23
5
9
11
65
42
1371
19
5
9
165
9
13
1
5
54
1
2
1
75
22
41
6
3
2
4598
1
12
6070
2
2
2
72
5
7
2
869
1
3
1
9
16
12
1
3
17
51
74
9
13
9
10
258
44
7
3
3
1
1
4
1
5
6990
1
1
7
11
9
257
5
1
4
1
9
6
17
6
5
54
62
10
1923
33
3
130
4
1
4
4
182
2
4
13
107
3922
2388
16
1
9
3
1
2
4
9
4
2
10
53
10
30
16
4
1
54
5
1558
13
54
210
15
1
108
24
357
10
4
159
4
1
1
31
81
70
227
1
3
4414
1
1
54
1
7
5
5953
1
3
22
6
37
1
15629
9
58
2
1
11
1
4352
572
1
48
1
5
4
3
3
1
7
5
9
5
1
443
138
2
4
114
2
22
1388
2
111
4
1
3
44
1
5
30
1
1
2
70
1700
1
52
9
51
1538
82
37
6
3
217
13
17
262
73
37
43
9
185
1
1453
15
7
53
7
6
38
2047
12
6
3
302
274
58
5
16
11
74
7
10
9
2
1
4
3129
2
5
4
4
2
22
2091
1
5
30
20
104
4
1
9
112
120
4
10
1
8
70
5
1
10
6
2555
5
5
41
147
257
1
54
22
258
9
29
166
2263
4
4
796
21
7
6
70
5
6
6
3
4
13
1
16
178
3
329
73
1
22
22
1
1
23
6
1
7
1
61
198
2
4
10
4
10054
2
7787
16
6
9902
5
2463
3
9
63
42
29
13
22
5
1
3540
1
4746
9
17
72
1
1
1
4090
19
1
8
9
3
6
3
69
443
1
2
9
1
8
9
37
5
81
565
416
1
22
1
2
1
22
16
295
9
6
1
50
4
215
166
332
2
11
4357
27
1
5596
15
3
9
87
4
6
58
1063
21
249
13
1
4
90
3
1
89
15
1809
9
3
23
138
26
182
618
6
2
1
4
6
3
1
24
2
9
9
250
37
42
3
1
3
42
73
7
346
226
12
7
10
9
6
109
5
26
1588
5
54
8
12
22
27
10
39
19
3
5
8
210
7
37
8
27
9
1
3
1
262
9
754
2
7
407
9
1
17
17
34
51
54
2
48
11
1
9
1
2
2
23
54
1
239
1
144
1
10
2
72
12
21
9
1
1
6
4
165
51
9
3
9532
4
29
19
7
828
19
9
9
4
3
4414
5
1
3
10
22
4
10
50
7
9838
1
7335
2
2
50
782
3
1
4
22
4035
1
165
4
6
2
357
210
5
22
101
9
8
3
9
2
4
1
6
3
57
253
2
70
1
6
4
2
200
9
3
30
12984
5
8
1
9
6
3
2
20
3
1035
4
22
22
182
6
4
9
374
15
1
1
7
4
26
3
13
9
2
3
39
1
1
748
179
1
96
4
22
1
20
1
54
5
3
2
4
13
1
9
1
55
13
8
170
5
1
1717
3546
9
7
12
370
9
19
9
1
1
238
1
4
1
16
34
54
20
3
37
3
1
9
9
4
1
2
1
9
17
13
8
1
9
1469
1
20
5
4
24
6
7
30
9
3
5
10
9
1
26
11
1
17
9
4
9
4
495
495
144
4
4
1
6
2
47
21
22
1
72
37
10
5
1
13
774
6
51
3
1
83
3
3
13
4
42
5633
5
4
219
4
1525
3
4
1
6
4
1
4
1
8
5
1
17
9
5
6
13
81
1
1201
3
59
17
114
7
3
1
7
4
81
10
39
13
6
165
72
16156
1
9
13
111
72
4
89
21
13
302
13
3
22
257
13
60
21
212
10
614
203
1
182
1
12
22
24
1
9
2
15
2862
1
111
5
19
24
2
2
3
1982
1
9
6
7
19
3
13
345
3
9
719
54
38
4
1338
1
9
15
91
4
217
3
1
3
7
9
49
1
97
345
1092
6
1
16087
2
204
3
6
6
86
4
85
20
9
1
6
1
3
7
8
1
